# Created by Octave 6.2.0, Thu Dec 22 10:09:19 2022 CST <laibon-m2@laibengs-MacBook-Air.local>
# name: A
# type: matrix
# rows: 2
# columns: 2
 1 2
 3 4


# name: A2
# type: matrix
# rows: 2
# columns: 2
 1 2
 3 4


# name: E
# type: scalar
1


# name: N
# type: matrix
# rows: 5
# columns: 5
 6.229691471831007 -7.0357349391170541 4.8476685206716494 2.7647320675059492 9.2899037296399243
 9.2800786237726456 11.636118226109751 2.6667227085803407 -3.4627468525812155 -1.6196294977369909
 4.4489683609495954 5.8213221667011616 -3.1243320876354392 6.5387418278506217 2.8640682519885523
 1.6808483382291382 2.2207023750763129 6.7506105536388699 3.7601213597269734 -4.1569750122663143
 -5.4285038843550613 6.7156539644539039 2.2123955182279493 3.4999401283455489 13.681764679507236


# name: X
# type: matrix
# rows: 2
# columns: 101
 0 0.10000000000000001 0.20000000000000001 0.30000000000000004 0.40000000000000002 0.5 0.60000000000000009 0.70000000000000007 0.80000000000000004 0.90000000000000002 1 1.1000000000000001 1.2000000000000002 1.3 1.4000000000000001 1.5 1.6000000000000001 1.7000000000000002 1.8 1.9000000000000001 2 2.1000000000000001 2.2000000000000002 2.3000000000000003 2.4000000000000004 2.5 2.6000000000000001 2.7000000000000002 2.8000000000000003 2.9000000000000004 3 3.1000000000000001 3.2000000000000002 3.3000000000000003 3.4000000000000004 3.5 3.6000000000000001 3.7000000000000002 3.8000000000000003 3.9000000000000004 4 4.1000000000000005 4.2000000000000002 4.2999999999999998 4.4000000000000004 4.5 4.6000000000000005 4.7000000000000002 4.8000000000000007 4.9000000000000004 5 5.1000000000000005 5.2000000000000002 5.3000000000000007 5.4000000000000004 5.5 5.6000000000000005 5.7000000000000002 5.8000000000000007 5.9000000000000004 6 6.1000000000000005 6.2000000000000002 6.3000000000000007 6.4000000000000004 6.5 6.6000000000000005 6.7000000000000002 6.8000000000000007 6.9000000000000004 7 7.1000000000000005 7.2000000000000002 7.3000000000000007 7.4000000000000004 7.5 7.6000000000000005 7.7000000000000002 7.8000000000000007 7.9000000000000004 8 8.0999999999999996 8.2000000000000011 8.3000000000000007 8.4000000000000004 8.5 8.5999999999999996 8.7000000000000011 8.8000000000000007 8.9000000000000004 9 9.0999999999999996 9.2000000000000011 9.3000000000000007 9.4000000000000004 9.5 9.6000000000000014 9.7000000000000011 9.8000000000000007 9.9000000000000004 10
 0 0.10000000000000001 0.20000000000000001 0.30000000000000004 0.40000000000000002 0.5 0.60000000000000009 0.70000000000000007 0.80000000000000004 0.90000000000000002 1 1.1000000000000001 1.2000000000000002 1.3 1.4000000000000001 1.5 1.6000000000000001 1.7000000000000002 1.8 1.9000000000000001 2 2.1000000000000001 2.2000000000000002 2.3000000000000003 2.4000000000000004 2.5 2.6000000000000001 2.7000000000000002 2.8000000000000003 2.9000000000000004 3 3.1000000000000001 3.2000000000000002 3.3000000000000003 3.4000000000000004 3.5 3.6000000000000001 3.7000000000000002 3.8000000000000003 3.9000000000000004 4 4.1000000000000005 4.2000000000000002 4.2999999999999998 4.4000000000000004 4.5 4.6000000000000005 4.7000000000000002 4.8000000000000007 4.9000000000000004 5 5.1000000000000005 5.2000000000000002 5.3000000000000007 5.4000000000000004 5.5 5.6000000000000005 5.7000000000000002 5.8000000000000007 5.9000000000000004 6 6.1000000000000005 6.2000000000000002 6.3000000000000007 6.4000000000000004 6.5 6.6000000000000005 6.7000000000000002 6.8000000000000007 6.9000000000000004 7 7.1000000000000005 7.2000000000000002 7.3000000000000007 7.4000000000000004 7.5 7.6000000000000005 7.7000000000000002 7.8000000000000007 7.9000000000000004 8 8.0999999999999996 8.2000000000000011 8.3000000000000007 8.4000000000000004 8.5 8.5999999999999996 8.7000000000000011 8.8000000000000007 8.9000000000000004 9 9.0999999999999996 9.2000000000000011 9.3000000000000007 9.4000000000000004 9.5 9.6000000000000014 9.7000000000000011 9.8000000000000007 9.9000000000000004 10


# name: Y
# type: matrix
# rows: 2
# columns: 4
 1 2 1 2
 3 4 3 4


# name: Z
# type: matrix
# rows: 4
# columns: 6
 1 2 1 2 1 2
 3 4 3 4 3 4
 1 2 1 2 1 2
 3 4 3 4 3 4


# name: a
# type: matrix
# rows: 1
# columns: 4
 1 2 3 4


# name: b
# type: matrix
# rows: 1
# columns: 2
 1 4


# name: bb
# type: scalar
4


# name: bbb
# type: scalar
1


# name: c
# type: matrix
# rows: 1
# columns: 101
 0 0.10000000000000001 0.20000000000000001 0.30000000000000004 0.40000000000000002 0.5 0.60000000000000009 0.70000000000000007 0.80000000000000004 0.90000000000000002 1 1.1000000000000001 1.2000000000000002 1.3 1.4000000000000001 1.5 1.6000000000000001 1.7000000000000002 1.8 1.9000000000000001 2 2.1000000000000001 2.2000000000000002 2.3000000000000003 2.4000000000000004 2.5 2.6000000000000001 2.7000000000000002 2.8000000000000003 2.9000000000000004 3 3.1000000000000001 3.2000000000000002 3.3000000000000003 3.4000000000000004 3.5 3.6000000000000001 3.7000000000000002 3.8000000000000003 3.9000000000000004 4 4.1000000000000005 4.2000000000000002 4.2999999999999998 4.4000000000000004 4.5 4.6000000000000005 4.7000000000000002 4.8000000000000007 4.9000000000000004 5 5.1000000000000005 5.2000000000000002 5.3000000000000007 5.4000000000000004 5.5 5.6000000000000005 5.7000000000000002 5.8000000000000007 5.9000000000000004 6 6.1000000000000005 6.2000000000000002 6.3000000000000007 6.4000000000000004 6.5 6.6000000000000005 6.7000000000000002 6.8000000000000007 6.9000000000000004 7 7.1000000000000005 7.2000000000000002 7.3000000000000007 7.4000000000000004 7.5 7.6000000000000005 7.7000000000000002 7.8000000000000007 7.9000000000000004 8 8.0999999999999996 8.2000000000000011 8.3000000000000007 8.4000000000000004 8.5 8.5999999999999996 8.7000000000000011 8.8000000000000007 8.9000000000000004 9 9.0999999999999996 9.2000000000000011 9.3000000000000007 9.4000000000000004 9.5 9.6000000000000014 9.7000000000000011 9.8000000000000007 9.9000000000000004 10


# name: u
# type: matrix
# rows: 10
# columns: 1
 10.830182857859967
 11.211900245745191
 8.1141703789961106
 8.8353082561842662
 11.707797218020509
 7.764940700681116
 10.973101325085146
 13.773476643063615
 9.6623835665193241
 13.931217634521953


# name: x
# type: range
# base, limit, increment
-6.2831853071795862 6.2168146928204138 0.10000000000000001


